0.0015590560323138416
0.01428005270792517
-0.017144781445218547
0.015058980609029445
-0.005910815447861006
0.015961678701517396
-0.027139866175758018
0.010551586701896085
0.08715508261327985
-0.23819756104701478
0.3483834225935432
-0.26466425872677113
-0.062782507307857
0.5186191549367096
-0.8204081004379664
0.7283571703306685
-0.1924269103176914
-0.5331936172083435
1.062112252496399
-1.0690121096312306
0.5306843595828796
0.29320978737126707
-0.968134870020079
1.1599407503708703
-0.7634872167019476
0.001980119644783361
0.7713707834594437
-1.1479194643973203
0.9576947075500876
-0.27477148935940127
-0.5364994606799808
1.0871076095099748
-1.0803307299632963
0.540202843145519
0.2803658635797324
-0.9493197965711095
1.1488219771812662
-0.7634872167019476
0.001980119644783361
0.7713707834594437
-1.1479194643973203
0.9576947075500876
-0.27477148935940127
-0.5364994606799808
1.0871076095099748
-1.0803307299632963
0.540202843145519
0.2803658635797324
-0.9493197965711095
1.1488219771812662
-0.7634872167019476
0.001980119644783361
0.7713707834594437
-1.1479194643973203
0.9576947075500876
-0.27477148935940127
-0.5364994606799808
1.0871076095099748
-1.0803307299632963
0.540202843145519
0.2803658635797324
-0.9493197965711095
1.1488219771812662
-0.7634872167019476
0.001980119644783361
0.7713707834594437
-1.1479194643973203
0.9576947075500876
-0.27477148935940127
-0.5364994606799808
1.0871076095099748
-1.0803307299632963
0.540202843145519
0.2803658635797324
-0.9493197965711095
1.1488219771812662
-0.7634872167019476
0.001980119644783361
0.7713707834594437
-1.1479194643973203
0.9576947075500876
-0.27477148935940127
-0.5364994606799808
1.0871076095099748
-1.0803307299632963
0.540202843145519
0.2803658635797324
-0.9493197965711095
1.1488219771812662
-0.7634872167019476
0.001980119644783361
0.7713707834594437
-1.1479194643973203
0.9576947075500876
-0.27477148935940127
-0.5364994606799808
1.0871076095099748
-1.0803307299632963
0.540202843145519
0.2803658635797324
-0.9493197965711095
1.1488219771812662
-0.7634872167019476
0.001980119644783361
0.7713707834594437
-1.1479194643973203
0.9576947075500876
-0.27477148935940127
-0.5364994606799808
1.0871076095099748
-1.0803307299632963
0.540202843145519
0.2803658635797324
-0.9493197965711095
1.1488219771812662
-0.7634872167019476
0.001980119644783361
0.7713707834594437
-1.1479194643973203
0.9576947075500876
-0.27477148935940127
-0.5364994606799808
1.0871076095099748
-1.0803307299632963
0.540202843145519
0.2803658635797324
-0.9493197965711095
1.1488219771812662
-0.7634872167019476
0.001980119644783361
0.7713707834594437
-1.1479194643973203
0.9576947075500876
-0.27477148935940127
-0.5364994606799808
1.0871076095099748
-1.0803307299632963
0.540202843145519
0.2803658635797324
-0.9493197965711095
1.1488219771812662
-0.7634872167019476
0.001980119644783361
0.7713707834594437
-1.1479194643973203
0.9576947075500876
-0.27477148935940127
-0.5364994606799808
1.0871076095099748
-1.0803307299632963
0.540202843145519
0.2803658635797324
-0.9493197965711095
1.1488219771812662
-0.7634872167019476
0.001980119644783361
0.7713707834594437
-1.1479194643973203
0.9576947075500876
-0.27477148935940127
-0.5364994606799808
1.0871076095099748
-1.0803307299632963
0.540202843145519
0.2803658635797324
-0.9493197965711095
1.1488219771812662
-0.7634872167019476
0.001980119644783361
0.7713707834594437
-1.1479194643973203
0.9576947075500876
-0.27477148935940127
-0.5364994606799808
1.0871076095099748
-1.0803307299632963
0.540202843145519
0.2803658635797324
-0.9493197965711095
1.1488219771812662
-0.7634872167019476
0.001980119644783361
0.7713707834594437
-1.1479194643973203
0.9576947075500876
-0.27477148935940127
-0.5364994606799808
1.0871076095099748
-1.0803307299632963
0.540202843145519
0.2803658635797324
-0.9493197965711095
1.1488219771812662
-0.7634872167019476
0.001980119644783361
0.7713707834594437
-1.1479194643973203
0.9576947075500876
-0.27477148935940127
-0.5364994606799808
1.0871076095099748
-1.0803307299632963
0.540202843145519
0.2803658635797324
-0.9493197965711095
1.1488219771812662
-0.7634872167019476
0.001980119644783361
0.7713707834594437
-1.1479194643973203
0.9576947075500876
-0.27477148935940127
-0.5364994606799808
1.0871076095099748
-1.0803307299632963
0.540202843145519
0.2803658635797324
-0.9493197965711095
1.1488219771812662
-0.7634872167019476
0.001980119644783361
0.7713707834594437
-1.1479194643973203
0.9576947075500876
-0.27477148935940127
-0.5364994606799808
1.0871076095099748
-1.0803307299632963
0.540202843145519
0.2803658635797324
-0.9493197965711095
1.1488219771812662
-0.7634872167019476
0.001980119644783361
0.7713707834594437
-1.1479194643973203
0.9576947075500876
-0.27477148935940127
-0.5364994606799808
1.0871076095099748
-1.0803307299632963
0.540202843145519
0.2803658635797324
-0.9493197965711095
1.1488219771812662
-0.7634872167019476
0.001980119644783361
0.7713707834594437
-1.1479194643973203
0.9576947075500876
-0.27477148935940127
-0.5364994606799808
1.0871076095099748
-1.0803307299632963
0.540202843145519
0.2803658635797324
-0.9493197965711095
1.1488219771812662
-0.7634872167019476
0.001980119644783361
0.7713707834594437
-1.1479194643973203
0.9576947075500876
-0.27477148935940127
-0.5364994606799808
1.0871076095099748
-1.0803307299632963
0.540202843145519
0.2803658635797324
-0.9493197965711095
1.1488219771812662
-0.7634872167019476
0.001980119644783361
0.7713707834594437
-1.1479194643973203
0.9576947075500876
-0.27477148935940127
-0.5364994606799808
1.0871076095099748
-1.0803307299632963
0.540202843145519
0.2803658635797324
-0.9493197965711095
1.1488219771812662
-0.7634872167019476
0.001980119644783361
0.7713707834594437
-1.1479194643973203
0.9576947075500876
-0.27477148935940127
-0.5364994606799808
1.0871076095099748
-1.0803307299632963
0.540202843145519
0.2803658635797324
-0.9493197965711095
1.1488219771812662
-0.7634872167019476
0.001980119644783361
0.7713707834594437
-1.1479194643973203
0.9576947075500876
-0.27477148935940127
-0.5364994606799808
1.0871076095099748
-1.0803307299632963
0.540202843145519
0.2803658635797324
-0.9493197965711095
1.1488219771812662
-0.7634872167019476
0.001980119644783361
0.7713707834594437
-1.1479194643973203
0.9576947075500876
-0.27477148935940127
-0.5364994606799808
1.0871076095099748
-1.0803307299632963
0.540202843145519
0.2803658635797324
-0.9493197965711095
1.1488219771812662
-0.7634872167019476
0.001980119644783361
0.7713707834594437
-1.1479194643973203
0.9576947075500876
-0.27477148935940127
-0.5364994606799808
1.0871076095099748
-1.0803307299632963
0.540202843145519
0.2803658635797324
-0.9493197965711095
1.1488219771812662
-0.7634872167019476
0.001980119644783361
0.7713707834594437
-1.1479194643973203
0.9576947075500876
-0.27477148935940127
-0.5364994606799808
1.0871076095099748
-1.0803307299632963
0.540202843145519
0.2803658635797324
-0.9493197965711095
1.1488219771812662
-0.7634872167019476
0.001980119644783361
0.7713707834594437
-1.1479194643973203
0.9576947075500876
-0.27477148935940127
-0.5364994606799808
1.0871076095099748
-1.0803307299632963
0.540202843145519
0.2803658635797324
-0.9493197965711095
1.1488219771812662
-0.7634872167019476
0.001980119644783361
0.7713707834594437
-1.1479194643973203
0.9576947075500876
-0.27477148935940127
-0.5364994606799808
1.0871076095099748
-1.0803307299632963
0.540202843145519
0.2803658635797324
-0.9493197965711095
1.1488219771812662
-0.7634872167019476
0.001980119644783361
0.7713707834594437
-1.1479194643973203
0.9576947075500876
-0.27477148935940127
-0.5364994606799808
1.0871076095099748
-1.0803307299632963
0.540202843145519
0.2803658635797324
-0.9493197965711095
1.1488219771812662
-0.7634872167019476
0.001980119644783361
0.7713707834594437
-1.1479194643973203
0.9576947075500876
-0.27477148935940127
-0.5364994606799808
1.0871076095099748
-1.0803307299632963
0.540202843145519
0.2803658635797324
-0.9493197965711095
1.1488219771812662
-0.7634872167019476
0.001980119644783361
0.7713707834594437
-1.1479194643973203
0.9576947075500876
-0.27477148935940127
-0.5364994606799808
1.0871076095099748
-1.0803307299632963
0.540202843145519
0.2803658635797324
-0.9493197965711095
1.1488219771812662
-0.7634872167019476
0.001980119644783361
0.7713707834594437
-1.1479194643973203
0.9576947075500876
-0.27477148935940127
-0.5364994606799808
1.0871076095099748
-1.0803307299632963
0.540202843145519
0.2803658635797324
-0.9493197965711095
1.1488219771812662
-0.7634872167019476
0.001980119644783361
0.7713707834594437
-1.1479194643973203
0.9576947075500876
-0.27477148935940127
-0.5364994606799808
1.0871076095099748
-1.0803307299632963
0.540202843145519
0.2803658635797324
-0.9493197965711095
1.1488219771812662
-0.7634872167019476
0.001980119644783361
0.7713707834594437
-1.1479194643973203
0.9576947075500876
-0.27477148935940127
-0.5364994606799808
1.0871076095099748
-1.0803307299632963
0.540202843145519
0.2803658635797324
-0.9493197965711095
1.1488219771812662
-0.7634872167019476
0.001980119644783361
0.7713707834594437
-1.1479194643973203
0.9576947075500876
-0.27477148935940127
-0.5364994606799808
1.0871076095099748
-1.0803307299632963
0.540202843145519
0.2803658635797324
-0.9493197965711095
1.1488219771812662
-0.7634872167019476
0.001980119644783361
0.7713707834594437
-1.1479194643973203
0.9576947075500876
-0.27477148935940127
-0.5364994606799808
1.0871076095099748
-1.0803307299632963
0.540202843145519
0.2803658635797324
-0.9493197965711095
1.1488219771812662
-0.7634872167019476
0.001980119644783361
0.7713707834594437
-1.1479194643973203
0.9576947075500876
-0.27477148935940127
-0.5364994606799808
1.0871076095099748
-1.0803307299632963
0.540202843145519
0.2803658635797324
-0.9493197965711095
1.1488219771812662
-0.7634872167019476
0.001980119644783361
0.7713707834594437
-1.1479194643973203
0.9576947075500876
-0.27477148935940127
-0.5364994606799808
1.0871076095099748
-1.0803307299632963
0.540202843145519
0.2803658635797324
-0.9493197965711095
1.1488219771812662
-0.7634872167019476
0.001980119644783361
0.7713707834594437
-1.1479194643973203
0.9576947075500876
-0.27477148935940127
-0.5364994606799808
1.0871076095099748
-1.0803307299632963
0.540202843145519
0.2803658635797324
-0.9493197965711095
1.1488219771812662
-0.7634872167019476
0.001980119644783361
0.7713707834594437
-1.1479194643973203
0.9576947075500876
-0.27477148935940127
-0.5364994606799808
1.0871076095099748
-1.0803307299632963
0.540202843145519
0.2803658635797324
-0.9493197965711095
1.1488219771812662
-0.7634872167019476
0.001980119644783361
0.7713707834594437
-1.1479194643973203
0.9576947075500876
-0.27477148935940127
-0.5364994606799808
1.0871076095099748
-1.0803307299632963
0.540202843145519
0.2803658635797324
-0.9493197965711095
1.1488219771812662
-0.7634872167019476
0.001980119644783361
0.7713707834594437
-1.1479194643973203
0.9576947075500876
-0.27477148935940127
-0.5364994606799808
1.0871076095099748
-1.0803307299632963
0.540202843145519
0.2803658635797324
-0.9493197965711095
1.1488219771812662
-0.7634872167019476
0.001980119644783361
0.7713707834594437
-1.1479194643973203
0.9576947075500876
-0.27477148935940127
-0.5364994606799808
1.0871076095099748
-1.0803307299632963
0.540202843145519
0.2803658635797324
-0.9493197965711095
1.1488219771812662
-0.7634872167019476
0.001980119644783361
0.7713707834594437
-1.1479194643973203
0.9576947075500876
-0.27477148935940127
-0.5364994606799808
1.0871076095099748
-1.0803307299632963
0.540202843145519
0.2803658635797324
-0.9493197965711095
1.1488219771812662
-0.7634872167019476
0.001980119644783361
0.7713707834594437
-1.1479194643973203
0.9576947075500876
-0.27477148935940127
-0.5364994606799808
1.0871076095099748
-1.0803307299632963
0.540202843145519
0.2803658635797324
-0.9493197965711095
1.1488219771812662
-0.7634872167019476
0.001980119644783361
0.7713707834594437
-1.1479194643973203
0.9576947075500876
-0.27477148935940127
-0.5364994606799808
1.0871076095099748
-1.0803307299632963
0.540202843145519
0.2803658635797324
-0.9493197965711095
1.1488219771812662
-0.7634872167019476
0.001980119644783361
0.7713707834594437
-1.1479194643973203
0.9576947075500876
-0.27477148935940127
-0.5364994606799808
1.0871076095099748
-1.0803307299632963
0.540202843145519
0.2803658635797324
-0.9493197965711095
1.1488219771812662
-0.7634872167019476
0.001980119644783361
0.7713707834594437
-1.1479194643973203
0.9576947075500876
-0.27477148935940127
-0.5364994606799808
1.0871076095099748
-1.0803307299632963
0.540202843145519
0.2803658635797324
-0.9493197965711095
1.1488219771812662
-0.7634872167019476
0.001980119644783361
0.7713707834594437
-1.1479194643973203
0.9576947075500876
-0.27477148935940127
-0.5364994606799808
1.0871076095099748
-1.0803307299632963
0.540202843145519
0.2803658635797324
-0.9493197965711095
1.1488219771812662
-0.7634872167019476
0.001980119644783361
0.7713707834594437
-1.1479194643973203
0.9576947075500876
-0.27477148935940127
-0.5364994606799808
1.0871076095099748
-1.0803307299632963
0.540202843145519
0.2803658635797324
-0.9493197965711095
1.1488219771812662
-0.7634872167019476
0.001980119644783361
0.7713707834594437
-1.1479194643973203
0.9576947075500876
-0.27477148935940127
-0.5364994606799808
1.0871076095099748
-1.0803307299632963
0.540202843145519
0.2803658635797324
-0.9493197965711095
1.1488219771812662
-0.7634872167019476
0.001980119644783361
0.7713707834594437
-1.1479194643973203
0.9576947075500876
-0.27477148935940127
-0.5364994606799808
1.0871076095099748
-1.0803307299632963
0.540202843145519
0.2803658635797324
-0.9493197965711095
1.1488219771812662
-0.7634872167019476
0.001980119644783361
0.7713707834594437
-1.1479194643973203
0.9576947075500876
-0.27477148935940127
-0.5364994606799808
1.0871076095099748
-1.0803307299632963
0.540202843145519
0.2803658635797324
-0.9493197965711095
1.1488219771812662
-0.7634872167019476
0.001980119644783361
0.7713707834594437
-1.1479194643973203
0.9576947075500876
-0.27477148935940127
-0.5364994606799808
1.0871076095099748
-1.0803307299632963
0.540202843145519
0.2803658635797324
-0.9493197965711095
1.1488219771812662
-0.7634872167019476
0.001980119644783361
0.7713707834594437
-1.1479194643973203
0.9576947075500876
-0.27477148935940127
-0.5364994606799808
1.0871076095099748
-1.0803307299632963
0.540202843145519
0.2803658635797324
-0.9493197965711095
1.1488219771812662
-0.7634872167019476
0.001980119644783361
0.7713707834594437
-1.1479194643973203
0.9576947075500876
-0.27477148935940127
-0.5364994606799808
1.0871076095099748
-1.0803307299632963
0.540202843145519
0.2803658635797324
-0.9493197965711095
1.1488219771812662
-0.7634872167019476
0.001980119644783361
0.7713707834594437
-1.1479194643973203
0.9576947075500876
-0.27477148935940127
-0.5364994606799808
1.0871076095099748
-1.0803307299632963
0.540202843145519
0.2803658635797324
-0.9493197965711095
1.1488219771812662
-0.7634872167019476
0.001980119644783361
0.7713707834594437
-1.1479194643973203
0.9576947075500876
-0.27477148935940127
-0.5364994606799808
1.0871076095099748
-1.0803307299632963
0.540202843145519
0.2803658635797324
-0.9493197965711095
1.1488219771812662
-0.7634872167019476
0.001980119644783361
0.7713707834594437
-1.1479194643973203
0.9576947075500876
-0.27477148935940127
-0.5364994606799808
1.0871076095099748
-1.0803307299632963
0.540202843145519
0.2803658635797324
-0.9493197965711095
1.1488219771812662
-0.7634872167019476
0.001980119644783361
0.7713707834594437
-1.1479194643973203
0.9576947075500876
-0.27477148935940127
-0.5364994606799808
1.0871076095099748
-1.0803307299632963
0.540202843145519
0.2803658635797324
-0.9493197965711095
1.1488219771812662
-0.7634872167019476
0.001980119644783361
0.7713707834594437
-1.1479194643973203
0.9576947075500876
-0.27477148935940127
-0.5364994606799808
1.0871076095099748
-1.0803307299632963
0.540202843145519
0.2803658635797324
-0.9493197965711095
1.1488219771812662
-0.7634872167019476
0.001980119644783361
0.7713707834594437
-1.1479194643973203
0.9576947075500876
-0.27477148935940127
-0.5364994606799808
1.0871076095099748
-1.0803307299632963
0.540202843145519
0.2803658635797324
-0.9493197965711095
1.1488219771812662
-0.7634872167019476
0.001980119644783361
0.7713707834594437
-1.1479194643973203
0.9576947075500876
-0.27477148935940127
-0.5364994606799808
1.0871076095099748
-1.0803307299632963
0.540202843145519
0.2803658635797324
-0.9493197965711095
1.1488219771812662
-0.7634872167019476
0.001980119644783361
0.7713707834594437
-1.1479194643973203
0.9576947075500876
-0.27477148935940127
-0.5364994606799808
1.0871076095099748
-1.0803307299632963
0.540202843145519
0.2803658635797324
-0.9493197965711095
1.1488219771812662
-0.7634872167019476
0.001980119644783361
0.7713707834594437
-1.1479194643973203
0.9576947075500876
-0.27477148935940127
-0.5364994606799808
1.0871076095099748
-1.0803307299632963
0.540202843145519
0.2803658635797324
-0.9493197965711095
1.1488219771812662
-0.7634872167019476
0.001980119644783361
0.7713707834594437
-1.1479194643973203
0.9576947075500876
-0.27477148935940127
-0.5364994606799808
1.0871076095099748
-1.0803307299632963
0.540202843145519
0.2803658635797324
-0.9493197965711095
1.1488219771812662
-0.7634872167019476
0.001980119644783361
0.7713707834594437
-1.1479194643973203
0.9576947075500876
-0.27477148935940127
-0.5364994606799808
1.0871076095099748
-1.0803307299632963
0.540202843145519
0.2803658635797324
-0.9493197965711095
1.1488219771812662
-0.7634872167019476
0.001980119644783361
0.7713707834594437
-1.1479194643973203
0.9576947075500876
-0.27477148935940127
-0.5364994606799808
1.0871076095099748
-1.0803307299632963
0.540202843145519
0.2803658635797324
-0.9493197965711095
1.1488219771812662
-0.7634872167019476
0.001980119644783361
0.7713707834594437
-1.1479194643973203
0.9576947075500876
-0.27477148935940127
-0.5364994606799808
1.0871076095099748
-1.0803307299632963
0.540202843145519
0.2803658635797324
-0.9493197965711095
1.1488219771812662
-0.7634872167019476
0.001980119644783361
0.7713707834594437
-1.1479194643973203
0.9576947075500876
-0.27477148935940127
-0.5364994606799808
1.0871076095099748
-1.0803307299632963
0.540202843145519
0.2803658635797324
-0.9493197965711095
1.1488219771812662
-0.7634872167019476
0.001980119644783361
0.7713707834594437
-1.1479194643973203
0.9576947075500876
-0.27477148935940127
-0.5364994606799808
1.0871076095099748
-1.0803307299632963
0.540202843145519
0.2803658635797324
-0.9493197965711095
1.1488219771812662
-0.7634872167019476
0.001980119644783361
0.7713707834594437
-1.1479194643973203
0.9576947075500876
-0.27477148935940127
-0.5364994606799808
1.0871076095099748
-1.0803307299632963
0.540202843145519
0.2803658635797324
-0.9493197965711095
1.1488219771812662
-0.7634872167019476
0.001980119644783361
0.7713707834594437
-1.1479194643973203
0.9576947075500876
-0.27477148935940127
-0.5364994606799808
1.0871076095099748
-1.0803307299632963
0.540202843145519
0.2803658635797324
-0.9493197965711095
1.1488219771812662
-0.7634872167019476
0.001980119644783361
0.7713707834594437
-1.1479194643973203
0.9576947075500876
-0.27477148935940127
-0.5364994606799808
1.0871076095099748
-1.0803307299632963
0.540202843145519
0.2803658635797324
-0.9493197965711095
1.1488219771812662
-0.7634872167019476
0.001980119644783361
0.7713707834594437
-1.1479194643973203
0.9576947075500876
-0.27477148935940127
-0.5364994606799808
1.0871076095099748
-1.0803307299632963
0.540202843145519
0.2803658635797324
-0.9493197965711095
1.1488219771812662
-0.7634872167019476
0.001980119644783361
0.7713707834594437
-1.1479194643973203
0.9576947075500876
-0.27477148935940127
-0.5364994606799808
1.0871076095099748
-1.0803307299632963
0.540202843145519
0.2803658635797324
-0.9493197965711095
1.1488219771812662
