0.001556396484375
0.014251708984375
-0.0172119140625
0.0150146484375
-0.0059814453125
0.015869140625
-0.027252197265625
0.0103759765625
0.0870361328125
-0.23834228515625
0.348236083984375
-0.26483154296875
-0.063018798828125
0.518402099609375
-0.82061767578125
0.728057861328125
-0.192657470703125
-0.53350830078125
1.061798095703125
-1.06939697265625
0.530303955078125
0.292877197265625
-0.96844482421875
1.15960693359375
-0.76385498046875
0.00152587890625
0.77093505859375
-1.14825439453125
0.957305908203125
-0.275146484375
-0.53692626953125
1.086669921875
-1.08074951171875
0.539794921875
0.27996826171875
-0.94964599609375
1.148468017578125
-0.76385498046875
0.00152587890625
0.77093505859375
-1.14825439453125
0.957305908203125
-0.275146484375
-0.53692626953125
1.086669921875
-1.08074951171875
0.539794921875
0.27996826171875
-0.94964599609375
1.148468017578125
-0.76385498046875
0.00152587890625
0.77093505859375
-1.14825439453125
0.957305908203125
-0.275146484375
-0.53692626953125
1.086669921875
-1.08074951171875
0.539794921875
0.27996826171875
-0.94964599609375
1.148468017578125
-0.76385498046875
0.00152587890625
0.77093505859375
-1.14825439453125
0.957305908203125
-0.275146484375
-0.53692626953125
1.086669921875
-1.08074951171875
0.539794921875
0.27996826171875
-0.94964599609375
1.148468017578125
-0.76385498046875
0.00152587890625
0.77093505859375
-1.14825439453125
0.957305908203125
-0.275146484375
-0.53692626953125
1.086669921875
-1.08074951171875
0.539794921875
0.27996826171875
-0.94964599609375
1.148468017578125
-0.76385498046875
0.00152587890625
0.77093505859375
-1.14825439453125
0.957305908203125
-0.275146484375
-0.53692626953125
1.086669921875
-1.08074951171875
0.539794921875
0.27996826171875
-0.94964599609375
1.148468017578125
-0.76385498046875
0.00152587890625
0.77093505859375
-1.14825439453125
0.957305908203125
-0.275146484375
-0.53692626953125
1.086669921875
-1.08074951171875
0.539794921875
0.27996826171875
-0.94964599609375
1.148468017578125
-0.76385498046875
0.00152587890625
0.77093505859375
-1.14825439453125
0.957305908203125
-0.275146484375
-0.53692626953125
1.086669921875
-1.08074951171875
0.539794921875
0.27996826171875
-0.94964599609375
1.148468017578125
-0.76385498046875
0.00152587890625
0.77093505859375
-1.14825439453125
0.957305908203125
-0.275146484375
-0.53692626953125
1.086669921875
-1.08074951171875
0.539794921875
0.27996826171875
-0.94964599609375
1.148468017578125
-0.76385498046875
0.00152587890625
0.77093505859375
-1.14825439453125
0.957305908203125
-0.275146484375
-0.53692626953125
1.086669921875
-1.08074951171875
0.539794921875
0.27996826171875
-0.94964599609375
1.148468017578125
-0.76385498046875
0.00152587890625
0.77093505859375
-1.14825439453125
0.957305908203125
-0.275146484375
-0.53692626953125
1.086669921875
-1.08074951171875
0.539794921875
0.27996826171875
-0.94964599609375
1.148468017578125
-0.76385498046875
0.00152587890625
0.77093505859375
-1.14825439453125
0.957305908203125
-0.275146484375
-0.53692626953125
1.086669921875
-1.08074951171875
0.539794921875
0.27996826171875
-0.94964599609375
1.148468017578125
-0.76385498046875
0.00152587890625
0.77093505859375
-1.14825439453125
0.957305908203125
-0.275146484375
-0.53692626953125
1.086669921875
-1.08074951171875
0.539794921875
0.27996826171875
-0.94964599609375
1.148468017578125
-0.76385498046875
0.00152587890625
0.77093505859375
-1.14825439453125
0.957305908203125
-0.275146484375
-0.53692626953125
1.086669921875
-1.08074951171875
0.539794921875
0.27996826171875
-0.94964599609375
1.148468017578125
-0.76385498046875
0.00152587890625
0.77093505859375
-1.14825439453125
0.957305908203125
-0.275146484375
-0.53692626953125
1.086669921875
-1.08074951171875
0.539794921875
0.27996826171875
-0.94964599609375
1.148468017578125
-0.76385498046875
0.00152587890625
0.77093505859375
-1.14825439453125
0.957305908203125
-0.275146484375
-0.53692626953125
1.086669921875
-1.08074951171875
0.539794921875
0.27996826171875
-0.94964599609375
1.148468017578125
-0.76385498046875
0.00152587890625
0.77093505859375
-1.14825439453125
0.957305908203125
-0.275146484375
-0.53692626953125
1.086669921875
-1.08074951171875
0.539794921875
0.27996826171875
-0.94964599609375
1.148468017578125
-0.76385498046875
0.00152587890625
0.77093505859375
-1.14825439453125
0.957305908203125
-0.275146484375
-0.53692626953125
1.086669921875
-1.08074951171875
0.539794921875
0.27996826171875
-0.94964599609375
1.148468017578125
-0.76385498046875
0.00152587890625
0.77093505859375
-1.14825439453125
0.957305908203125
-0.275146484375
-0.53692626953125
1.086669921875
-1.08074951171875
0.539794921875
0.27996826171875
-0.94964599609375
1.148468017578125
-0.76385498046875
0.00152587890625
0.77093505859375
-1.14825439453125
0.957305908203125
-0.275146484375
-0.53692626953125
1.086669921875
-1.08074951171875
0.539794921875
0.27996826171875
-0.94964599609375
1.148468017578125
-0.76385498046875
0.00152587890625
0.77093505859375
-1.14825439453125
0.957305908203125
-0.275146484375
-0.53692626953125
1.086669921875
-1.08074951171875
0.539794921875
0.27996826171875
-0.94964599609375
1.148468017578125
-0.76385498046875
0.00152587890625
0.77093505859375
-1.14825439453125
0.957305908203125
-0.275146484375
-0.53692626953125
1.086669921875
-1.08074951171875
0.539794921875
0.27996826171875
-0.94964599609375
1.148468017578125
-0.76385498046875
0.00152587890625
0.77093505859375
-1.14825439453125
0.957305908203125
-0.275146484375
-0.53692626953125
1.086669921875
-1.08074951171875
0.539794921875
0.27996826171875
-0.94964599609375
1.148468017578125
-0.76385498046875
0.00152587890625
0.77093505859375
-1.14825439453125
0.957305908203125
-0.275146484375
-0.53692626953125
1.086669921875
-1.08074951171875
0.539794921875
0.27996826171875
-0.94964599609375
1.148468017578125
-0.76385498046875
0.00152587890625
0.77093505859375
-1.14825439453125
0.957305908203125
-0.275146484375
-0.53692626953125
1.086669921875
-1.08074951171875
0.539794921875
0.27996826171875
-0.94964599609375
1.148468017578125
-0.76385498046875
0.00152587890625
0.77093505859375
-1.14825439453125
0.957305908203125
-0.275146484375
-0.53692626953125
1.086669921875
-1.08074951171875
0.539794921875
0.27996826171875
-0.94964599609375
1.148468017578125
-0.76385498046875
0.00152587890625
0.77093505859375
-1.14825439453125
0.957305908203125
-0.275146484375
-0.53692626953125
1.086669921875
-1.08074951171875
0.539794921875
0.27996826171875
-0.94964599609375
1.148468017578125
-0.76385498046875
0.00152587890625
0.77093505859375
-1.14825439453125
0.957305908203125
-0.275146484375
-0.53692626953125
1.086669921875
-1.08074951171875
0.539794921875
0.27996826171875
-0.94964599609375
1.148468017578125
-0.76385498046875
0.00152587890625
0.77093505859375
-1.14825439453125
0.957305908203125
-0.275146484375
-0.53692626953125
1.086669921875
-1.08074951171875
0.539794921875
0.27996826171875
-0.94964599609375
1.148468017578125
-0.76385498046875
0.00152587890625
0.77093505859375
-1.14825439453125
0.957305908203125
-0.275146484375
-0.53692626953125
1.086669921875
-1.08074951171875
0.539794921875
0.27996826171875
-0.94964599609375
1.148468017578125
-0.76385498046875
0.00152587890625
0.77093505859375
-1.14825439453125
0.957305908203125
-0.275146484375
-0.53692626953125
1.086669921875
-1.08074951171875
0.539794921875
0.27996826171875
-0.94964599609375
1.148468017578125
-0.76385498046875
0.00152587890625
0.77093505859375
-1.14825439453125
0.957305908203125
-0.275146484375
-0.53692626953125
1.086669921875
-1.08074951171875
0.539794921875
0.27996826171875
-0.94964599609375
1.148468017578125
-0.76385498046875
0.00152587890625
0.77093505859375
-1.14825439453125
0.957305908203125
-0.275146484375
-0.53692626953125
1.086669921875
-1.08074951171875
0.539794921875
0.27996826171875
-0.94964599609375
1.148468017578125
-0.76385498046875
0.00152587890625
0.77093505859375
-1.14825439453125
0.957305908203125
-0.275146484375
-0.53692626953125
1.086669921875
-1.08074951171875
0.539794921875
0.27996826171875
-0.94964599609375
1.148468017578125
-0.76385498046875
0.00152587890625
0.77093505859375
-1.14825439453125
0.957305908203125
-0.275146484375
-0.53692626953125
1.086669921875
-1.08074951171875
0.539794921875
0.27996826171875
-0.94964599609375
1.148468017578125
-0.76385498046875
0.00152587890625
0.77093505859375
-1.14825439453125
0.957305908203125
-0.275146484375
-0.53692626953125
1.086669921875
-1.08074951171875
0.539794921875
0.27996826171875
-0.94964599609375
1.148468017578125
-0.76385498046875
0.00152587890625
0.77093505859375
-1.14825439453125
0.957305908203125
-0.275146484375
-0.53692626953125
1.086669921875
-1.08074951171875
0.539794921875
0.27996826171875
-0.94964599609375
1.148468017578125
-0.76385498046875
0.00152587890625
0.77093505859375
-1.14825439453125
0.957305908203125
-0.275146484375
-0.53692626953125
1.086669921875
-1.08074951171875
0.539794921875
0.27996826171875
-0.94964599609375
1.148468017578125
-0.76385498046875
0.00152587890625
0.77093505859375
-1.14825439453125
0.957305908203125
-0.275146484375
-0.53692626953125
1.086669921875
-1.08074951171875
0.539794921875
0.27996826171875
-0.94964599609375
1.148468017578125
-0.76385498046875
0.00152587890625
0.77093505859375
-1.14825439453125
0.957305908203125
-0.275146484375
-0.53692626953125
1.086669921875
-1.08074951171875
0.539794921875
0.27996826171875
-0.94964599609375
1.148468017578125
-0.76385498046875
0.00152587890625
0.77093505859375
-1.14825439453125
0.957305908203125
-0.275146484375
-0.53692626953125
1.086669921875
-1.08074951171875
0.539794921875
0.27996826171875
-0.94964599609375
1.148468017578125
-0.76385498046875
0.00152587890625
0.77093505859375
-1.14825439453125
0.957305908203125
-0.275146484375
-0.53692626953125
1.086669921875
-1.08074951171875
0.539794921875
0.27996826171875
-0.94964599609375
1.148468017578125
-0.76385498046875
0.00152587890625
0.77093505859375
-1.14825439453125
0.957305908203125
-0.275146484375
-0.53692626953125
1.086669921875
-1.08074951171875
0.539794921875
0.27996826171875
-0.94964599609375
1.148468017578125
-0.76385498046875
0.00152587890625
0.77093505859375
-1.14825439453125
0.957305908203125
-0.275146484375
-0.53692626953125
1.086669921875
-1.08074951171875
0.539794921875
0.27996826171875
-0.94964599609375
1.148468017578125
-0.76385498046875
0.00152587890625
0.77093505859375
-1.14825439453125
0.957305908203125
-0.275146484375
-0.53692626953125
1.086669921875
-1.08074951171875
0.539794921875
0.27996826171875
-0.94964599609375
1.148468017578125
-0.76385498046875
0.00152587890625
0.77093505859375
-1.14825439453125
0.957305908203125
-0.275146484375
-0.53692626953125
1.086669921875
-1.08074951171875
0.539794921875
0.27996826171875
-0.94964599609375
1.148468017578125
-0.76385498046875
0.00152587890625
0.77093505859375
-1.14825439453125
0.957305908203125
-0.275146484375
-0.53692626953125
1.086669921875
-1.08074951171875
0.539794921875
0.27996826171875
-0.94964599609375
1.148468017578125
-0.76385498046875
0.00152587890625
0.77093505859375
-1.14825439453125
0.957305908203125
-0.275146484375
-0.53692626953125
1.086669921875
-1.08074951171875
0.539794921875
0.27996826171875
-0.94964599609375
1.148468017578125
-0.76385498046875
0.00152587890625
0.77093505859375
-1.14825439453125
0.957305908203125
-0.275146484375
-0.53692626953125
1.086669921875
-1.08074951171875
0.539794921875
0.27996826171875
-0.94964599609375
1.148468017578125
-0.76385498046875
0.00152587890625
0.77093505859375
-1.14825439453125
0.957305908203125
-0.275146484375
-0.53692626953125
1.086669921875
-1.08074951171875
0.539794921875
0.27996826171875
-0.94964599609375
1.148468017578125
-0.76385498046875
0.00152587890625
0.77093505859375
-1.14825439453125
0.957305908203125
-0.275146484375
-0.53692626953125
1.086669921875
-1.08074951171875
0.539794921875
0.27996826171875
-0.94964599609375
1.148468017578125
-0.76385498046875
0.00152587890625
0.77093505859375
-1.14825439453125
0.957305908203125
-0.275146484375
-0.53692626953125
1.086669921875
-1.08074951171875
0.539794921875
0.27996826171875
-0.94964599609375
1.148468017578125
-0.76385498046875
0.00152587890625
0.77093505859375
-1.14825439453125
0.957305908203125
-0.275146484375
-0.53692626953125
1.086669921875
-1.08074951171875
0.539794921875
0.27996826171875
-0.94964599609375
1.148468017578125
-0.76385498046875
0.00152587890625
0.77093505859375
-1.14825439453125
0.957305908203125
-0.275146484375
-0.53692626953125
1.086669921875
-1.08074951171875
0.539794921875
0.27996826171875
-0.94964599609375
1.148468017578125
-0.76385498046875
0.00152587890625
0.77093505859375
-1.14825439453125
0.957305908203125
-0.275146484375
-0.53692626953125
1.086669921875
-1.08074951171875
0.539794921875
0.27996826171875
-0.94964599609375
1.148468017578125
-0.76385498046875
0.00152587890625
0.77093505859375
-1.14825439453125
0.957305908203125
-0.275146484375
-0.53692626953125
1.086669921875
-1.08074951171875
0.539794921875
0.27996826171875
-0.94964599609375
1.148468017578125
-0.76385498046875
0.00152587890625
0.77093505859375
-1.14825439453125
0.957305908203125
-0.275146484375
-0.53692626953125
1.086669921875
-1.08074951171875
0.539794921875
0.27996826171875
-0.94964599609375
1.148468017578125
-0.76385498046875
0.00152587890625
0.77093505859375
-1.14825439453125
0.957305908203125
-0.275146484375
-0.53692626953125
1.086669921875
-1.08074951171875
0.539794921875
0.27996826171875
-0.94964599609375
1.148468017578125
-0.76385498046875
0.00152587890625
0.77093505859375
-1.14825439453125
0.957305908203125
-0.275146484375
-0.53692626953125
1.086669921875
-1.08074951171875
0.539794921875
0.27996826171875
-0.94964599609375
1.148468017578125
-0.76385498046875
0.00152587890625
0.77093505859375
-1.14825439453125
0.957305908203125
-0.275146484375
-0.53692626953125
1.086669921875
-1.08074951171875
0.539794921875
0.27996826171875
-0.94964599609375
1.148468017578125
-0.76385498046875
0.00152587890625
0.77093505859375
-1.14825439453125
0.957305908203125
-0.275146484375
-0.53692626953125
1.086669921875
-1.08074951171875
0.539794921875
0.27996826171875
-0.94964599609375
1.148468017578125
-0.76385498046875
0.00152587890625
0.77093505859375
-1.14825439453125
0.957305908203125
-0.275146484375
-0.53692626953125
1.086669921875
-1.08074951171875
0.539794921875
0.27996826171875
-0.94964599609375
1.148468017578125
-0.76385498046875
0.00152587890625
0.77093505859375
-1.14825439453125
0.957305908203125
-0.275146484375
-0.53692626953125
1.086669921875
-1.08074951171875
0.539794921875
0.27996826171875
-0.94964599609375
1.148468017578125
-0.76385498046875
0.00152587890625
0.77093505859375
-1.14825439453125
0.957305908203125
-0.275146484375
-0.53692626953125
1.086669921875
-1.08074951171875
0.539794921875
0.27996826171875
-0.94964599609375
1.148468017578125
-0.76385498046875
0.00152587890625
0.77093505859375
-1.14825439453125
0.957305908203125
-0.275146484375
-0.53692626953125
1.086669921875
-1.08074951171875
0.539794921875
0.27996826171875
-0.94964599609375
1.148468017578125
-0.76385498046875
0.00152587890625
0.77093505859375
-1.14825439453125
0.957305908203125
-0.275146484375
-0.53692626953125
1.086669921875
-1.08074951171875
0.539794921875
0.27996826171875
-0.94964599609375
1.148468017578125
-0.76385498046875
0.00152587890625
0.77093505859375
-1.14825439453125
0.957305908203125
-0.275146484375
-0.53692626953125
1.086669921875
-1.08074951171875
0.539794921875
0.27996826171875
-0.94964599609375
1.148468017578125
-0.76385498046875
0.00152587890625
0.77093505859375
-1.14825439453125
0.957305908203125
-0.275146484375
-0.53692626953125
1.086669921875
-1.08074951171875
0.539794921875
0.27996826171875
-0.94964599609375
1.148468017578125
-0.76385498046875
0.00152587890625
0.77093505859375
-1.14825439453125
0.957305908203125
-0.275146484375
-0.53692626953125
1.086669921875
-1.08074951171875
0.539794921875
0.27996826171875
-0.94964599609375
1.148468017578125
-0.76385498046875
0.00152587890625
0.77093505859375
-1.14825439453125
0.957305908203125
-0.275146484375
-0.53692626953125
1.086669921875
-1.08074951171875
0.539794921875
0.27996826171875
-0.94964599609375
1.148468017578125
-0.76385498046875
0.00152587890625
0.77093505859375
-1.14825439453125
0.957305908203125
-0.275146484375
-0.53692626953125
1.086669921875
-1.08074951171875
0.539794921875
0.27996826171875
-0.94964599609375
1.148468017578125
-0.76385498046875
0.00152587890625
0.77093505859375
-1.14825439453125
0.957305908203125
-0.275146484375
-0.53692626953125
1.086669921875
-1.08074951171875
0.539794921875
0.27996826171875
-0.94964599609375
1.148468017578125
-0.76385498046875
0.00152587890625
0.77093505859375
-1.14825439453125
0.957305908203125
-0.275146484375
-0.53692626953125
1.086669921875
-1.08074951171875
0.539794921875
0.27996826171875
-0.94964599609375
1.148468017578125
-0.76385498046875
0.00152587890625
0.77093505859375
-1.14825439453125
0.957305908203125
-0.275146484375
-0.53692626953125
1.086669921875
-1.08074951171875
0.539794921875
0.27996826171875
-0.94964599609375
1.148468017578125
-0.76385498046875
0.00152587890625
0.77093505859375
-1.14825439453125
0.957305908203125
-0.275146484375
-0.53692626953125
1.086669921875
-1.08074951171875
0.539794921875
0.27996826171875
0.0
0.0
